-0.04,-0.04,-0.04,+1
-0.04,WALL,-0.04,-1
-0.04,-0.04,-0.04,-0.04

-0.1,-0.1,-0.1,+1
-0.1,WALL,-0.1,-1
-0.1,-0.1,-0.1,-0.1


-5.0,-5.0,-5.0,+1
-5.0,WALL,-5.0,-1
-5.0,-5.0,-5.0,-5.0

0.04,0.04,0.04,+1
0.04,WALL,0.04,-1
0.04,0.04,0.04,0.04

0.1,0.1,0.1,+1
0.1,WALL,0.1,-1
0.1,0.1,0.1,0.1

0.01,0.01,0.01,+1
0.01,WALL,0.01,-1
0.01,0.01,0.01,0.01


0.9,0.9,0.9,+1
0.9,WALL,0.9,-1
0.9,0.9,0.9,0.9

0.12,0.12,0.12,+1
0.12,WALL,0.12,-1
0.12,0.12,0.12,0.12

0.2,0.2,0.2,+1
0.2,WALL,0.2,-1
0.2,0.2,0.2,0.2

0.11,0.11,0.11,+1
0.11,WALL,0.11,-1
0.11,0.11,0.11,0.11